2.0 89.0 185.0
2.0 76.0 172.0
3.0 134.0 278.0
3.0 128.0 255.0
1.0 41.0 67.0
2.0 5.0 55.0
2.0 60.0 45.0
2.0 103.0 214.0
1.0 500.0 47.0
1.0 54.0 79.0
4.0 180.0 470.0
1.0 42.0 54.0
1.0 55.0 55.0
4.0 150.0 382.0
3.0 111.0 199.9
1.0 54.0 85.0
3.0 111.0 210.0
2.0 78.0 167.0
3.0 135.0 285.0
3.0 117.0 205.0
3.0 114.0 237.0
3.0 103.0 230.0
3.0 113.0 211.5
1.0 57.0 92.0
1.0 51.0 70.0
4.0 170.0 360.0
4.0 170.0 360.0
3.0 114.0 238.0
3.0 87.0 147.0
2.0 96.0 98.0
2.0 87.0 120.0
2.0 94.0 175.0
3.0 92.0 111.0
3.0 72.0 152.0
1.0 80.0 89.0
2.0 86.0 203.0
2.0 66.0 135.0
2.0 75.0 160.0
3.0 118.0 292.0
2.0 41.0 50.0
3.0 123.0 269.0
4.0 157.0 298.0
2.0 76.0 138.0
4.0 170.0 370.0
1.0 58.0 85.0
4.0 170.0 357.0
1.0 40.0 50.0
2.0 88.0 180.0
2.0 82.0 170.0
2.0 84.0 175.0
3.0 125.0 192.0
5.0 420.0 1500.0
3.0 159.0 350.0
2.0 103.0 214.0
4.0 170.0 340.0
4.0 190.0 437.0
3.0 114.0 135.0
3.0 88.0 150.0
2.0 98.0 200.0
2.0 66.0 118.0
2.0 89.0 95.0
2.0 70.0 118.0
3.0 148.0 350.0
2.0 47.0 54.0
3.0 124.0 160.0
4.0 170.0 357.0
1.0 80.0 89.0
4.0 171.0 430.0
5.0 181.0 275.0
1.0 58.0 83.0
2.0 48.0 45.0
1.0 58.0 85.0
2.0 60.0 105.0
1.0 41.0 73.0
1.0 34.0 44.0
1.0 39.0 70.0
2.0 66.0 163.0
2.0 73.0 145.0
2.0 57.0 60.0
2.0 51.0 56.8
3.0 114.0 195.0
2.0 62.0 102.0
3.0 128.0 168.0
1.0 46.0 45.0
2.0 70.0 118.0
3.0 148.0 350.0
2.0 47.0 54.0
3.0 124.0 160.0
4.0 170.0 357.0
4.0 170.0 370.0
4.0 170.0 360.0
4.0 170.0 360.0
4.0 190.0 437.0
4.0 170.0 360.0
4.0 190.0 437.0
4.0 190.0 399.0
4.0 190.0 399.0
2.0 74.0 125.0
1.0 50.0 72.5
2.0 53.0 99.0
2.0 48.0 70.0
1.0 63.0 48.0
1.0 60.0 46.5
4.0 190.0 400.0
4.0 170.0 357.0
4.0 170.0 357.0
4.0 165.0 450.0
5.0 238.0 499.8
1.0 51.0 70.4
1.0 43.0 73.0
3.0 135.0 359.0
2.0 81.0 103.0
1.0 37.0 140.0
3.0 124.0 160.0
1.0 53.0 76.0
2.0 85.0 104.0
5.0 248.0 438.0
3.0 89.0 147.0
3.0 100.0 112.0
3.0 91.0 113.0
3.0 121.0 119.0
3.0 137.0 315.0
3.0 143.0 325.0
3.0 118.0 150.0
4.0 203.0 438.6
8.0 282.0 520.0
2.0 51.0 58.7
3.0 120.0 212.0
3.0 59.0 65.0
3.0 62.0 68.8
4.0 119.0 266.0
3.0 75.0 68.0
4.0 155.0 388.0
1.0 40.0 60.0
2.0 51.0 52.6
3.0 101.0 243.0
2.0 49.0 42.0
1.0 55.0 70.0
4.0 170.0 360.0
1.0 42.0 68.0
3.0 125.0 261.0
1.0 123.0 290.0
2.0 92.0 202.0
2.0 51.0 57.0
3.0 208.0 280.0
2.0 128.0 280.0
3.0 200.0 285.0
3.0 123.0 290.0
4.0 191.0 530.0
3.0 147.0 250.0
3.0 101.0 235.0
2.0 70.0 50.0
2.0 50.0 59.8
3.0 94.0 187.0
3.0 179.0 278.0
3.0 79.0 180.0
3.0 94.0 184.5
3.0 140.0 313.0
2.0 77.0 132.0
2.0 69.0 90.0
4.0 148.0 277.0
3.0 121.0 188.0
3.0 138.0 315.0
2.0 66.0 99.0
2.0 80.0 115.0
4.0 203.0 438.6
3.0 118.0 175.0
4.0 148.0 257.0
2.0 85.0 104.0
3.0 96.0 154.9
2.0 78.0 112.0
4.0 203.0 439.0
3.0 132.0 232.0
3.0 95.0 155.0
3.0 95.0 154.0
4.0 136.0 330.0
4.0 148.0 284.0
3.0 147.0 250.0
3.0 111.0 230.0
3.0 147.0 196.0
1.0 54.0 86.0
3.0 95.0 153.5
2.0 55.0 87.0
4.0 160.0 140.6
3.0 165.0 478.5
4.0 203.0 439.0
2.0 70.0 121.0
4.0 137.0 293.8
2.0 51.0 70.0
3.0 141.0 310.0
1.0 124.0 290.0
3.0 117.0 205.0
3.0 96.0 127.0
3.0 91.0 215.0
2.0 86.0 185.0
2.0 131.0 172.0
3.0 78.0 102.0
4.0 213.0 680.0
4.0 106.0 125.0
2.0 81.0 109.0
2.0 62.0 70.0
2.0 79.0 180.0
1.0 124.0 290.0
2.0 54.0 44.0
2.0 260.0 520.0
2.0 33.0 42.0
2.0 65.0 110.0
3.0 140.0 330.0
3.0 119.0 208.0
1.0 135.0 300.0
4.0 127.0 268.8
3.0 116.0 157.0
2.0 89.0 78.0
3.0 117.0 102.0
2.0 94.0 167.0
2.0 88.0 210.0
4.0 132.0 264.0
3.0 120.0 230.0
4.0 202.0 240.0
4.0 138.0 363.0
3.0 100.0 113.0
4.0 132.0 264.0
2.0 74.0 79.0
3.0 132.0 264.0
3.0 121.0 268.0
3.0 91.0 147.0
2.0 72.0 123.0
3.0 96.0 300.0
3.0 114.0 128.0
3.0 122.0 122.0
2.0 60.0 118.0
2.0 42.0 36.0
7.0 826.0 3500.0
2.0 100.0 49.0
3.0 157.0 361.2
1.0 50.0 95.0
1.0 39.0 78.0
2.0 92.0 160.0
3.0 157.0 305.0
2.0 87.0 150.0
4.0 91.0 118.0
4.0 151.0 449.0
5.0 198.0 760.0
4.0 106.0 125.0
3.0 99.0 109.0
2.0 78.0 156.0
4.0 201.0 420.0
2.0 34.0 40.0
2.0 38.0 40.0
1.0 34.0 44.0
2.0 87.0 130.0
3.0 78.0 96.0
3.0 121.0 210.0
4.0 180.0 240.0
3.0 124.0 313.0
3.0 95.0 200.0
5.0 123.0 316.0
3.0 95.0 210.0
3.0 117.0 260.0
2.0 82.0 189.0
3.0 124.0 260.0
2.0 66.0 163.0
3.0 91.0 140.0
5.0 152.0 380.0
2.0 86.0 143.0
2.0 87.0 120.0
1.0 50.0 52.0
1.0 48.0 76.0
3.0 137.0 315.0
3.0 149.0 310.0
3.0 111.0 185.0
2.0 89.0 77.1
3.0 93.0 120.0
4.0 203.0 438.8
4.0 159.0 136.0
1.0 89.0 188.0
3.0 136.0 288.0
3.0 133.0 310.0
1.0 60.0 90.0
3.0 104.0 190.0
2.0 78.0 219.0
4.0 148.0 335.0
2.0 51.0 68.0
1.0 53.0 64.0
3.0 95.0 154.0
3.0 92.0 230.0
2.0 63.0 96.5
3.0 117.0 219.0
2.0 85.0 145.0
3.0 132.0 264.0
3.0 104.0 190.0
2.0 147.0 250.0
4.0 138.0 140.1
4.0 160.0 143.0
3.0 133.0 210.0
2.0 81.0 103.0
3.0 132.0 169.0
3.0 100.0 89.5
1.0 55.0 78.0
1.0 45.0 53.8
2.0 92.0 121.0
1.0 43.0 75.0
2.0 49.0 44.0
3.0 87.0 156.0
1.0 123.0 298.0
4.0 150.0 400.0
1.0 40.0 70.6
2.0 89.0 115.0
2.0 46.0 53.0
2.0 163.0 240.0
3.0 151.0 310.0
2.0 58.0 100.0
3.0 98.0 135.0
4.0 147.0 208.0
5.0 172.0 275.0
2.0 75.0 121.5
1.0 40.0 78.0
3.0 97.0 185.0
3.0 95.0 205.0
4.0 170.0 378.6
3.0 126.0 330.0
2.0 81.0 94.0
2.0 66.0 130.0
3.0 91.0 210.0
4.0 148.0 330.0
1.0 40.0 70.0
4.0 135.0 315.0
3.0 133.0 309.0
3.0 114.0 128.0
4.0 147.0 345.0
4.0 144.0 420.0
4.0 148.0 380.0
4.0 134.0 398.0
4.0 171.0 450.0
4.0 144.0 380.0
2.0 72.0 83.0
2.0 91.0 165.0
2.0 68.0 145.0
1.0 44.0 53.0
3.0 162.0 260.0
2.0 101.0 170.0
2.0 79.0 118.0
4.0 172.0 282.0
2.0 51.0 90.0
4.0 182.0 360.0
3.0 136.0 168.3
3.0 108.0 207.0
2.0 30.0 35.0
3.0 138.0 375.0
2.0 85.0 230.0
3.0 116.0 157.4
2.0 108.0 175.0
2.0 39.0 55.0
3.0 86.0 108.0
2.0 54.0 85.0
4.0 125.0 325.0
4.0 136.0 360.0
3.0 106.0 244.9
3.0 163.0 350.0
3.0 147.0 205.3
3.0 105.0 155.0
3.0 121.0 260.0
4.0 197.0 780.0
3.0 117.0 167.0
4.0 140.0 300.0
2.0 76.0 186.0
4.0 147.0 345.0
4.0 144.0 420.0
4.0 148.0 380.0
4.0 134.0 398.0
2.0 76.0 148.0
4.0 145.0 450.0
2.0 76.0 172.0
2.0 88.0 88.0
3.0 154.0 220.0
4.0 155.0 340.0
2.0 81.0 190.0
2.0 52.0 85.0
3.0 141.0 286.0
4.0 119.0 280.0
2.0 68.0 119.0
2.0 91.0 135.0
2.0 90.0 105.0
3.0 104.0 165.0
3.0 133.0 285.0
4.0 134.0 335.0
3.0 127.0 195.0
5.0 383.0 680.0
3.0 129.0 220.0
3.0 89.0 250.0
4.0 225.0 710.0
3.0 133.0 290.0
3.0 126.0 315.0
3.0 89.0 200.0
3.0 108.0 245.0
3.0 111.0 270.0
1.0 55.0 76.0
3.0 83.0 158.0
1.0 49.0 46.5
3.0 105.0 165.0
3.0 115.0 204.0
3.0 116.0 305.0
3.0 138.0 344.8
4.0 136.0 300.0
2.0 88.0 160.0
2.0 74.0 140.0
2.0 49.0 61.0
4.0 135.0 340.0
4.0 111.0 275.0
3.0 125.0 258.0
5.0 304.0 1110.0
4.0 140.0 300.0
2.0 76.0 186.0
4.0 189.0 410.0
4.0 119.0 265.0
3.0 99.0 180.0
3.0 114.0 223.0
3.0 89.0 258.0
3.0 102.0 130.0
3.0 91.0 225.0
2.0 78.0 156.0
1.0 42.0 60.0
1.0 39.0 68.0
2.0 79.0 140.0
3.0 95.0 165.0
2.0 74.0 189.0
4.0 111.0 275.0
3.0 125.0 258.0
5.0 304.0 1110.0
3.0 105.0 185.0
2.0 76.0 154.0
2.0 70.0 119.0
3.0 100.0 225.0
3.0 89.0 160.0
2.0 76.0 170.0
2.0 89.0 115.0
3.0 101.0 145.0
1.0 37.0 53.5
2.0 95.0 135.0
1.0 49.0 47.0
3.0 100.0 245.0
5.0 245.0 810.0
3.0 84.0 105.0
2.0 84.0 156.0
3.0 96.0 200.0
4.0 140.0 420.0
4.0 139.0 380.0
4.0 148.0 335.0
2.0 85.0 210.0
4.0 182.0 550.0
3.0 105.0 205.0
4.0 145.0 440.0
5.0 273.0 640.0
3.0 113.0 165.0
4.0 160.0 325.0
4.0 151.0 460.0
3.0 114.0 257.0
3.0 117.0 275.0
2.0 78.0 174.0
3.0 130.0 280.0
3.0 107.0 182.0
5.0 182.0 480.0
3.0 90.0 210.0
3.0 90.0 177.0
2.0 85.0 216.0
3.0 142.0 210.0
2.0 76.0 158.0
5.0 257.0 620.0
2.0 74.0 189.0
3.0 82.0 136.5
3.0 95.0 252.0
3.0 103.0 223.0
3.0 103.0 176.0
3.0 109.0 225.0
3.0 82.0 92.0
3.0 108.0 226.0
3.0 114.0 228.0
4.0 182.0 365.0
3.0 130.0 410.0
3.0 100.0 249.0
5.0 112.0 340.0
3.0 147.0 250.2
2.0 91.0 128.0
5.0 420.0 1500.0
4.0 113.0 340.0
3.0 127.0 225.0
2.0 85.0 216.0
3.0 142.0 210.0
2.0 76.0 158.0
5.0 257.0 620.0
3.0 104.0 164.0
4.0 156.0 560.0
3.0 110.0 140.0
5.0 146.0 398.0
3.0 92.0 218.0
2.0 74.0 100.0
2.0 55.0 92.0
3.0 76.0 86.0
3.0 117.0 220.0
2.0 64.0 122.0
4.0 137.0 295.0
2.0 105.0 153.0
2.0 97.0 283.0
3.0 97.0 198.0
4.0 130.0 350.0
2.0 69.0 110.0
3.0 92.0 205.0
2.0 80.0 152.0
4.0 88.0 283.0
2.0 81.0 130.0
2.0 81.0 95.0
3.0 116.0 240.0
2.0 103.0 212.0
5.0 137.0 370.0
3.0 143.0 315.0
1.0 60.0 120.0
3.0 124.0 290.0
3.0 78.0 166.0
2.0 70.0 120.0
5.0 232.0 580.0
3.0 116.0 255.0
4.0 150.0 400.0
1.0 58.0 85.0
2.0 82.0 170.0
3.0 116.0 157.0
2.0 89.0 176.0
3.0 100.0 112.3
4.0 93.0 143.0
4.0 131.0 226.8
2.0 83.0 184.0
4.0 240.0 575.0
1.0 40.0 66.0
3.0 97.0 168.8
1.0 92.0 134.0
1.0 37.0 140.0
3.0 120.0 105.0
4.0 129.0 249.0
3.0 132.0 198.0
3.0 76.0 80.0
1.0 50.0 90.0
4.0 278.0 560.0
2.0 72.0 123.0
2.0 59.0 92.0
4.0 192.0 569.0
1.0 47.0 66.0
3.0 89.0 186.0
3.0 124.0 290.0
3.0 78.0 166.0
3.0 92.0 170.0
3.0 96.0 190.0
3.0 89.0 260.0
4.0 153.0 320.0
3.0 105.0 280.0
2.0 59.0 102.0
3.0 213.0 650.0
3.0 133.0 315.0
2.0 62.0 50.0
2.0 100.0 280.0
5.0 309.0 700.0
5.0 456.0 750.0
1.0 38.0 41.0
4.0 415.0 728.0
1.0 56.0 69.0
2.0 64.0 56.0
4.0 134.0 405.0
3.0 83.0 170.0
2.0 81.0 94.0
3.0 117.0 265.0
4.0 134.0 299.0
2.0 92.0 195.0
4.0 134.0 385.0
3.0 95.0 215.0
4.0 210.0 700.0
3.0 117.0 268.0
2.0 72.0 198.0
4.0 200.0 450.0
2.0 80.0 152.0
3.0 155.0 480.0
3.0 113.0 315.0
4.0 146.0 350.0
3.0 107.0 125.0
3.0 92.0 178.0
3.0 89.0 186.0
2.0 84.0 103.0
1.0 123.0 290.0
3.0 113.0 160.5
2.0 90.0 172.0
3.0 88.0 205.0
2.0 60.0 82.0
3.0 132.0 271.0
2.0 40.0 52.0
2.0 68.0 102.0
1.0 42.0 73.0
2.0 71.0 121.0
3.0 127.0 222.0
3.0 147.0 260.0
3.0 138.0 240.0
5.0 380.0 582.0
2.0 85.0 190.0
4.0 190.0 440.0
5.0 304.0 700.0
3.0 111.0 335.0
4.0 155.0 350.0
4.0 191.0 535.0
1.0 40.0 38.0
2.0 75.0 120.0
5.0 166.0 430.2
2.0 78.0 95.0
1.0 50.0 49.0
3.0 172.0 288.0
3.0 111.0 172.0
5.0 183.0 390.0
4.0 112.0 278.0
1.0 42.0 48.0
3.0 131.0 280.0
4.0 182.0 550.0
1.0 40.0 78.0
1.0 78.0 200.0
5.0 111.0 315.0
3.0 91.0 220.0
2.0 10.0 66.0
3.0 108.0 128.0
5.0 182.0 468.0
2.0 78.0 82.0
2.0 92.0 145.0
2.0 52.0 40.0
4.0 307.0 1250.0
4.0 207.0 550.0
1.0 124.0 290.0
4.0 131.0 230.0
3.0 120.0 178.0
3.0 124.0 355.0
1.0 38.0 50.0
2.0 49.0 53.0
2.0 62.0 70.0
3.0 118.0 270.0
3.0 138.0 198.0
1.0 124.0 289.0
2.0 48.0 53.0
1.0 40.0 38.0
2.0 75.0 120.0
3.0 132.0 248.0
4.0 136.0 188.0
3.0 126.0 348.0
3.0 111.0 154.6
3.0 90.0 120.0
3.0 161.0 275.0
3.0 126.0 217.1
1.0 66.0 118.0
1.0 39.0 55.0
3.0 121.0 130.0
2.0 84.0 164.0
1.0 134.0 400.0
3.0 147.0 250.8
1.0 35.0 40.0
1.0 37.0 55.0
3.0 162.0 277.0
3.0 94.0 135.0
4.0 111.0 315.0
3.0 91.0 198.0
3.0 89.0 225.0
3.0 92.0 235.0
3.0 110.0 176.0
4.0 171.0 306.0
3.0 135.0 298.0
2.0 42.0 45.0
2.0 48.0 53.0
4.0 195.0 740.8
2.0 56.0 68.0
3.0 135.0 288.0
1.0 50.0 95.0
1.0 42.0 54.0
3.0 131.0 292.0
1.0 55.0 55.0
3.0 130.0 290.0
3.0 140.0 313.0
1.0 54.0 76.5
1.0 66.0 100.0
3.0 95.0 200.0
3.0 106.0 285.0
4.0 113.0 275.0
3.0 127.0 180.0
3.0 92.0 176.0
3.0 101.0 141.0
3.0 81.0 104.0
4.0 153.0 320.0
4.0 110.0 280.0
2.0 41.0 64.6
4.0 126.0 330.0
3.0 103.0 230.0
3.0 123.0 380.0
1.0 40.0 61.2
3.0 124.0 290.8
2.0 85.0 205.0
3.0 150.0 230.0
2.0 50.0 40.0
2.0 42.0 45.0
3.0 116.0 157.0
2.0 89.0 81.0
3.0 78.0 153.0
3.0 132.0 255.0
4.0 121.0 231.0
3.0 110.0 147.0
1.0 52.0 75.0
2.0 85.0 154.8
3.0 150.0 360.0
3.0 91.0 147.0
5.0 309.0 720.0
2.0 70.0 119.0
3.0 127.0 188.0
4.0 241.0 520.0
2.0 71.0 145.0
4.0 151.0 265.0
2.0 62.0 60.5
3.0 119.0 295.0
2.0 59.0 75.5
3.0 82.0 136.5
3.0 133.0 210.0
2.0 74.0 125.0
3.0 91.0 147.0
2.0 51.0 53.0
1.0 40.0 54.0
3.0 91.0 183.0
3.0 91.0 120.0
3.0 124.0 160.0
3.0 140.0 330.0
2.0 50.0 40.0
1.0 38.0 62.0
2.0 49.0 67.0
4.0 150.0 382.0
2.0 51.0 59.0
1.0 40.0 63.4
4.0 280.0 888.0
2.0 73.0 145.0
2.0 51.0 90.0
4.0 136.0 310.0
1.0 99.0 140.0
3.0 98.0 138.0
3.0 89.0 175.0
3.0 111.0 290.0
3.0 92.0 210.0
3.0 90.0 190.0
4.0 130.0 365.0
4.0 146.0 550.0
1.0 37.0 54.0
2.0 86.0 102.0
4.0 159.0 375.0
3.0 142.0 307.0
5.0 131.0 295.0
4.0 126.0 330.0
3.0 140.0 330.0
2.0 66.0 88.0
4.0 173.0 287.0
4.0 162.0 385.0
4.0 243.0 350.0
3.0 75.0 108.0
3.0 136.0 230.0
2.0 79.0 93.0
4.0 177.0 298.5
2.0 88.0 182.0
3.0 117.0 380.0
4.0 170.0 357.0
2.0 66.0 96.0
2.0 78.0 175.0
2.0 122.0 268.0
2.0 88.0 186.0
4.0 127.0 222.0
4.0 173.0 245.0
3.0 111.0 320.0
3.0 147.0 256.2
1.0 53.0 76.0
3.0 89.0 198.0
3.0 127.0 288.0
4.0 177.0 600.0
3.0 88.0 147.0
2.0 62.0 66.0
4.0 159.0 136.0
3.0 116.0 157.0
4.0 109.0 335.0
2.0 46.0 58.0
3.0 147.0 250.0
5.0 186.0 470.0
3.0 91.0 219.0
1.0 54.0 76.6
3.0 109.0 290.0
4.0 111.0 300.0
3.0 113.0 309.0
4.0 147.0 308.0
2.0 86.0 124.0
3.0 108.0 237.0
2.0 125.0 226.0
4.0 149.0 225.0
3.0 89.0 160.0
1.0 49.0 46.5
2.0 69.0 117.0
3.0 121.0 155.0
2.0 68.0 119.0
2.0 77.0 146.0
2.0 66.0 144.0
3.0 91.0 96.0
3.0 129.0 187.0
3.0 141.0 305.0
5.0 142.0 375.0
1.0 66.0 87.7
4.0 146.0 620.0
3.0 133.0 310.0
3.0 133.0 285.0
3.0 105.0 290.0
1.0 40.0 70.0
1.0 66.0 85.0
1.0 51.0 79.0
4.0 132.0 300.0
3.0 96.0 198.0
2.0 75.0 125.0
2.0 81.0 93.8
3.0 89.0 225.0
2.0 88.0 139.0
2.0 86.0 195.0
4.0 126.0 360.0
3.0 83.0 158.0
3.0 101.0 178.0
2.0 79.0 115.0
3.0 132.0 318.0
2.0 76.0 170.0
2.0 86.0 102.0
2.0 63.0 103.0
3.0 114.0 128.0
3.0 101.0 141.0
3.0 121.0 318.0
2.0 90.0 150.0
3.0 108.0 222.0
3.0 130.0 300.0
3.0 114.0 223.0
3.0 97.0 157.0
2.0 61.0 110.0
1.0 58.0 73.0
3.0 91.0 225.6
3.0 130.0 358.0
1.0 58.0 85.0
3.0 83.0 91.0
3.0 136.0 285.0
4.0 174.0 395.0
3.0 90.0 176.0
2.0 85.0 162.0
3.0 91.0 145.0
2.0 95.0 124.0
3.0 110.0 290.0
2.0 89.0 135.0
3.0 132.0 188.0
3.0 138.0 357.0
3.0 126.0 350.0
3.0 89.0 192.0
3.0 142.0 310.0
3.0 128.0 224.0
2.0 83.0 249.0
3.0 186.0 650.0
3.0 95.0 205.0
4.0 150.0 273.0
2.0 88.0 165.0
2.0 89.0 180.0
3.0 139.0 335.0
3.0 126.0 235.0
4.0 150.0 310.0
4.0 112.0 268.0
3.0 107.0 182.0
2.0 88.0 142.0
3.0 90.0 198.0
2.0 88.0 218.0
2.0 88.0 147.0
4.0 164.0 368.0
4.0 245.0 380.0
3.0 117.0 315.0
2.0 69.0 110.0
2.0 58.0 85.0
1.0 42.0 60.0
2.0 66.0 97.0
4.0 170.0 359.8
4.0 148.0 256.0
4.0 136.0 300.0
3.0 78.0 166.0
2.0 54.0 84.0
3.0 99.0 224.0
3.0 95.0 245.0
1.0 60.0 101.0
3.0 104.0 170.0
3.0 100.0 215.0
5.0 411.0 730.0
3.0 115.0 168.0
3.0 103.0 135.0
4.0 172.0 280.0
3.0 89.0 150.0
3.0 130.0 260.0
3.0 125.0 330.0
1.0 38.0 46.0
2.0 49.0 48.8
3.0 131.0 280.0
4.0 138.0 400.0
1.0 40.0 59.0
1.0 47.0 59.0
3.0 97.0 175.0
2.0 66.0 135.0
3.0 95.0 249.0
1.0 42.0 50.0
4.0 156.0 216.0
3.0 166.0 275.0
1.0 42.0 60.0
2.0 66.0 97.0
4.0 170.0 359.8
4.0 148.0 256.0
4.0 136.0 300.0
3.0 78.0 166.0
2.0 54.0 84.0
5.0 146.0 380.0
4.0 182.0 520.0
3.0 133.0 315.0
2.0 62.0 76.0
2.0 40.0 62.0
4.0 125.0 300.0
3.0 89.0 215.0
1.0 64.0 108.0
3.0 89.0 339.0
3.0 113.0 317.0
3.0 93.0 122.0
2.0 61.0 50.0
5.0 341.0 560.0
2.0 79.0 120.0
2.0 73.0 170.0
3.0 115.0 187.0
4.0 112.0 325.0
3.0 139.0 280.0
1.0 45.0 59.0
3.0 131.0 280.0
4.0 138.0 400.0
1.0 40.0 59.0
1.0 47.0 59.0
3.0 97.0 175.0
2.0 66.0 135.0
3.0 95.0 249.0
1.0 42.0 50.0
4.0 156.0 216.0
3.0 166.0 275.0
2.0 81.0 102.0
2.0 85.0 104.0
5.0 248.0 438.0
2.0 81.0 130.0
3.0 164.0 209.0
3.0 127.0 235.0
2.0 66.0 92.0
3.0 222.0 400.0
3.0 195.0 576.0
1.0 55.0 85.0
3.0 123.0 150.0
4.0 199.0 200.0
2.0 105.0 139.0
2.0 82.0 189.0
2.0 92.0 220.0
5.0 249.0 600.0
4.0 135.0 165.0
1.0 56.0 95.0
2.0 54.0 75.5
4.0 149.0 405.0
1.0 40.0 32.9
2.0 108.0 156.0
2.0 63.0 114.0
3.0 112.0 260.0
1.0 45.0 59.0
3.0 111.0 236.0
1.0 54.0 84.0
2.0 63.0 114.0
3.0 143.0 316.0
5.0 131.0 300.0
3.0 120.0 290.0
2.0 64.0 148.0
4.0 111.0 275.0
4.0 147.0 310.0
5.0 120.0 295.0
5.0 240.0 560.0
3.0 114.0 237.0
3.0 98.0 218.0
3.0 87.0 147.0
4.0 161.0 400.0
4.0 144.0 268.0
2.0 95.0 200.0
3.0 88.0 185.0
3.0 129.0 198.0
3.0 128.0 198.0
3.0 89.0 295.0
2.0 40.0 53.0
3.0 107.0 215.0
4.0 164.0 385.0
1.0 44.0 66.0
2.0 62.0 54.0
3.0 139.0 280.0
2.0 85.0 64.0
8.0 273.0 975.0
2.0 33.0 50.0
4.0 89.0 290.0
3.0 118.0 290.0
1.0 56.0 76.0
3.0 135.0 290.0
2.0 716.0 1584.0
3.0 100.0 113.0
1.0 51.0 84.0
4.0 135.0 340.0
2.0 89.0 130.0
3.0 104.0 270.0
3.0 123.0 150.0
3.0 138.0 358.0
3.0 157.0 330.0
3.0 100.0 210.0
2.0 76.0 180.0
5.0 425.0 1800.0
4.0 138.0 310.0
3.0 99.0 170.0
3.0 130.0 157.0
4.0 202.0 240.0
4.0 380.0 830.0
3.0 94.0 230.0
3.0 118.0 202.0
4.0 134.0 600.0
5.0 182.0 362.0
1.0 46.0 68.8
2.0 74.0 117.0
3.0 160.0 256.0
4.0 260.0 980.0
3.0 135.0 290.0
4.0 134.0 380.0
2.0 71.0 109.0
3.0 121.0 310.0
3.0 110.0 166.0
3.0 123.0 300.0
2.0 88.0 173.5
2.0 76.0 142.0
1.0 51.0 80.0
2.0 68.0 108.0
2.0 52.0 76.0
3.0 244.0 680.0
1.0 69.0 86.0
2.0 88.0 275.0
2.0 51.0 72.0
5.0 161.0 380.0
3.0 126.0 310.0
2.0 52.0 75.0
1.0 124.0 300.0
2.0 88.0 140.0
3.0 35.0 47.0
4.0 110.0 280.0
2.0 83.0 124.0
3.0 98.0 155.0
1.0 39.0 49.0
2.0 72.0 112.0
4.0 172.0 228.0
2.0 80.0 110.0
4.0 118.0 255.0
2.0 69.0 93.0
2.0 88.0 138.0
4.0 260.0 980.0
2.0 63.0 89.0
4.0 147.0 355.0
1.0 45.0 95.0
2.0 89.0 240.0
3.0 259.0 730.0
3.0 135.0 358.2
1.0 51.0 52.5
3.0 147.0 260.0
2.0 51.0 55.0
1.0 40.0 48.0
2.0 51.0 78.0
3.0 121.0 200.0
3.0 130.0 380.0
2.0 69.0 170.0
3.0 114.0 310.0
4.0 126.0 309.0
2.0 88.0 186.0
3.0 124.0 231.0
2.0 71.0 120.0
4.0 177.0 600.0
2.0 134.0 268.0
4.0 230.0 366.0
3.0 126.0 283.0
2.0 87.0 189.0
3.0 116.0 155.0
3.0 165.0 275.0
2.0 74.0 138.0
2.0 88.0 138.0
4.0 200.0 740.0
5.0 180.0 420.0
3.0 116.0 250.0
5.0 296.0 950.0
3.0 91.0 230.0
3.0 92.0 223.0
3.0 92.0 184.0
2.0 64.0 177.0
4.0 136.0 309.0
3.0 107.0 215.0
2.0 69.0 115.0
3.0 101.0 141.0
2.0 80.0 152.0
2.0 60.0 65.0
2.0 57.0 60.0
4.0 143.0 400.0
3.0 124.0 158.0
2.0 78.0 167.0
3.0 80.0 108.0
2.0 37.0 48.0
3.0 72.0 151.0
2.0 54.0 72.0
4.0 156.0 358.0
1.0 36.0 60.0
2.0 80.0 95.0
2.0 74.0 138.0
3.0 107.0 210.0
3.0 113.0 186.0
3.0 122.0 192.0
4.0 128.0 249.0
3.0 82.0 175.0
4.0 138.0 240.0
3.0 144.0 395.0
4.0 186.0 410.0
3.0 147.0 250.0
3.0 100.0 89.5
3.0 88.0 96.0
2.0 54.0 52.0
5.0 428.0 850.0
2.0 74.0 57.0
2.0 90.0 150.0
3.0 143.0 325.0
3.0 163.0 225.0
3.0 111.0 200.0
2.0 77.0 145.0
1.0 69.0 72.0
3.0 138.0 187.0
4.0 170.0 353.0
3.0 89.0 147.0
1.0 40.0 53.0
4.0 99.0 217.0
3.0 110.0 146.5
4.0 182.0 359.0
3.0 73.0 84.0
1.0 53.0 53.5
2.0 87.0 218.0
5.0 182.0 369.1
3.0 124.0 148.0
3.0 111.0 155.0
1.0 63.0 73.0
3.0 114.0 195.0
2.0 40.0 60.0
2.0 62.0 102.0
2.0 84.0 90.0
3.0 129.0 335.0
3.0 128.0 168.0
2.0 52.0 86.0
2.0 59.0 80.0
3.0 137.0 190.0
2.0 69.0 110.0
2.0 59.0 70.4
2.0 69.0 160.0
3.0 83.0 158.0
2.0 81.0 98.0
2.0 78.0 158.0
3.0 115.0 210.0
3.0 98.0 190.0
3.0 101.0 195.0
3.0 137.0 330.0
3.0 87.0 175.0
3.0 136.0 280.0
3.0 125.0 206.0
2.0 86.0 136.0
2.0 60.0 103.4
2.0 83.0 124.0
3.0 97.0 180.0
1.0 54.0 83.0
2.0 91.0 179.0
5.0 127.0 430.0
2.0 77.0 199.0
2.0 89.0 150.0
2.0 77.0 120.0
2.0 71.0 103.0
3.0 89.0 169.0
3.0 140.0 295.0
5.0 380.0 680.0
4.0 136.0 450.0
1.0 45.0 79.0
2.0 86.0 116.0
2.0 89.0 81.0
2.0 86.0 238.0
4.0 150.0 386.0
2.0 70.0 113.0
2.0 98.0 206.0
3.0 100.0 112.0
1.0 40.0 74.6
3.0 89.0 290.0
3.0 159.0 350.0
2.0 87.0 260.0
3.0 92.0 260.0
2.0 55.0 74.0
4.0 156.0 460.0
2.0 90.0 150.0
3.0 91.0 145.0
2.0 84.0 163.0
3.0 140.0 264.0
3.0 126.0 143.0
2.0 89.0 208.0
1.0 40.0 62.0
